latency= 823, 953, 1190, 1378, 861, 3680, 5824, 7475, 6103, 6980, 5119, 5744, 6293, 840, 932, 2748, 4885, 1965, 1451, 
1429, 430, 2474, 5114, 676, 2999, 2357, 2164, 2565, 3634, 2205, 2139, 2738, 2626, 1091, 2148, 2878, 3340, 1506, 2327,
 3102, 2141, 1926, 2285, 2268, 1592, 1801, 3130, 1915, 1549, 2272, 2459, 676, 771, 1939, 2080, 2213, 2155, 1762, 1183,
 1497, 2197, 2337, 2226, 2812, 438, 1622, 1788, 588, 1883, 1861, 1869, 667, 2338, 2962, 466, 721, 439, 445, 574, 537, 484,
 426, 1854, 596, 732, 2685, 500, 541, 2245, 2190, 506, 3145, 2419, 2332, 2832, 1772, 477, 1723, 2205, 2716, 2319, 2666, 2281,
 2053, 2838, 1745, 1767, 758, 736, 455, 1093, 1679, 419, 598, 1433, 1695, 661, 572, 1844, 1907, 1838, 595, 564, 
1748, 586, 1246, 555, 606, 633, 572, 689, 557, 672, 579, 1778, 1036, 732, 1742, 1883, 595, 1757, 830, 1752, 999, 1794, 422,
 1542, 2369, 1947, 1934, 1825, 2349, 1107, 2287, 2194, 807, 753, 2160, 667, 1710, 1517, 2022, 1184, 1901, 2513, 2363, 2309,
 2574, 2136, 2329, 2289, 1986, 3354, 2550, 2157, 1733, 2031, 1043, 1075, 1065, 1065, 1962, 1984, 2089, 1964,
 1941, 2065, 2402, 2011, 1995, 3007, 1993, 412, 1761, 1902, 1826, 2031, 1502, 1732, 1928, 3145, 3043, 1406, 861, 857,
 879, 1812, 1741, 1732, 1697, 2122, 1903, 1755, 2638, 2158, 1729, 3003, 1702, 696, 1750, 756, 1297, 1737, 2459, 932,
 1837, 1783, 1866, 1524, 1833, 1843, 1471, 1888, 2045, 2020, 1006, 939, 654, 666, 2650, 1784, 1724, 2712, 1834, 1197, 2912,
 2298, 1718, 3631, 1749, 1899, 790, 486, 517, 787, 782, 1764, 2416, 1383, 1758, 2108, 1974, 819, 2049, 1898, 1201, 2457, 1773,
 2039, 590, 473, 902, 664, 1672, 1714, 1694, 1679, 1369, 1699, 3011, 755, 2477, 2598, 1508, 1986, 1953, 1781, 1015, 1899, 1981,
 2765, 1806, 1869, 1860, 1284, 556, 1725, 1692, 2956, 2644, 2325, 2099, 1962, 3245, 1915, 1977, 0, 0, 0, 0,
 0, 0, 0, 0, 0, 0, 0, 0, 0, 0, 0, 0, 0, 0, 0, 0, 0, 0, 0, 0, 0, 0, 0, 0, 0, 0, 0, 0, 0, 0, 0, 0, 0, 0, 0, 0, 0, 0, 0, 0, 0, 0, 0, 0, 0,
 0, 0, 0, 0, 0, 0, 0, 0, 0, 0, 0, 0, 0, 0, 0, 0, 0, 0, 0, 0, 0, 0, 0, 0, 0, 0, 0, 0, 0, 0, 0, 0, 0, 0, 0, 0, 0, 0, 0, 0, 0, 0, 0, 0, 0,
 0, 0, 0, 0, 0, 0, 0, 0, 0, 0, 0, 0, 0, 0, 0, 0, 0, 0, 0, 0, 0, 0, 0, 0, 0, 0, 0, 0, 0, 0, 0, 0, 0, 0, 0, 0, 0, 0, 0, 0, 0, 0, 0, 0, 0,
 0, 0, 0, 0, 0, 0, 0, 0, 0, 0, 0, 0, 0, 0, 0, 0, 0, 0, 0,
 0, 0, 0, 0, 0, 0, 0, 0, 0, 0, 0, 0, 0, 0, 0, 0, 0, 0, 0, 0, 0, 0, 0, 0, 0, 0, 0, 0, 0, 0, 0, 0, 0, 0, 0, 0
